0.196612
1.261125
2.684120
0.528269
-0.524758
1.618617
0.293725
2.120001
1.030044
-1.287317
-2.044831
0.571210
1.564601
0.196346
2.449275
0.712049
1.568031
2.984100
-0.230620
0.092465
0.931299
1.084080
1.683504
-1.554489
1.693536
0.725488
-0.810594
-0.855823
1.400491
0.532426
0.360718
-1.958139
-2.173905
-1.492473
0.702200
-0.514710
1.757913
-1.368804
-0.406566
1.779878
-1.230016
1.507331
0.536190
-1.145395
1.023608
-0.609898
3.319896
0.128353
1.030800
-0.717117
1.974290
-0.806497
0.102234
1.547703
-1.243601
1.583618
-0.497454
1.734783
1.596959
-0.057611
-0.973883
0.651591
0.400921
0.393062
3.410678
1.580488
0.457532
0.517415
-2.493575
-0.649548
-0.404985
1.274720
-0.352202
-1.481951
0.447820
1.574815
0.834051
2.840397
1.284453
-1.095774
1.470676
-0.821009
-0.020791
0.293367
-1.365329
2.401552
-0.914539
1.068387
-1.325581
0.481321
2.945449
1.409826
0.136898
2.132548
-0.981463
-0.524391
2.550928
-1.717434
0.195256
4.115319
