0.721184
-2.441180
0.599701
1.446831
-0.124680
1.617796
-0.120428
-1.276217
-2.860744
1.262371
0.867859
-2.684170
1.711990
1.155537
-1.746452
-1.259016
-2.284424
-1.066006
1.572403
1.415920
1.180087
1.045856
1.137405
-0.755714
1.430019
-0.357996
0.300356
-0.050678
-2.411224
-2.814625
-0.396638
-1.381737
-0.537323
-1.856384
0.247459
0.189535
-2.494099
-0.241407
-2.694359
-0.659981
1.149349
-2.299206
0.859421
1.485012
-0.291239
0.670742
-2.443756
-2.673782
1.300135
-0.169350
0.172028
0.450279
-2.995977
0.797888
-2.960671
-1.160272
0.096931
-0.744359
-0.864853
1.241951
-1.227684
-2.882744
-0.304832
-1.089048
-0.354568
1.807526
-1.109550
1.963905
-1.903255
1.906784
-1.994522
1.198250
-0.655570
-0.063774
1.184788
-2.545284
-0.034157
0.102306
-1.079567
1.209074
1.445206
-1.540041
-1.533825
-2.878332
-2.523495
-1.363594
-0.681628
-0.095706
-2.395691
-0.679749
-0.067856
1.093163
1.873566
0.428284
0.109680
-1.589331
-1.343693
0.709341
-1.593643
-0.414730
